1.931624e+14 5.326359e+04 2.163758e+08 1.230088e+04 4.309893e+19 6.062773e+15 4.402187e+18 2.460501e+22 5.627580e+19 6.150583e+13 1.541506e+14 1.766925e+13 1.563293e+16 2.909850e+12 1.236330e+17 9.819693e+12 5.183544e+13 9.148348e+06 6.471125e+12
1.830115e+14 5.212267e+04 1.982215e+08 1.283153e+04 4.532382e+19 6.406164e+15 4.834383e+18 2.144017e+22 5.665234e+19 6.998676e+13 1.842045e+14 1.775876e+13 1.447818e+16 2.749313e+12 1.103142e+17 9.414081e+12 4.732160e+13 8.993892e+06 6.566023e+12
1.886090e+14 5.163152e+04 2.172111e+08 1.236385e+04 4.569533e+19 6.072337e+15 4.655917e+18 2.356889e+22 6.395460e+19 7.188686e+13 1.726727e+14 1.867545e+13 1.325378e+16 3.288290e+12 1.242372e+17 1.091205e+13 4.646261e+13 9.199586e+06 7.139637e+12
2.047049e+14 4.592766e+04 2.372612e+08 1.107344e+04 4.942314e+19 6.606555e+15 5.025976e+18 2.036844e+22 6.393028e+19 7.217443e+13 1.748137e+14 1.814280e+13 1.330647e+16 3.151199e+12 1.227776e+17 9.812022e+12 4.957340e+13 9.689878e+06 6.717309e+12
1.725307e+14 4.785387e+04 2.114656e+08 1.204096e+04 4.786957e+19 6.592768e+15 4.468676e+18 2.164976e+22 5.853077e+19 6.901082e+13 1.677417e+14 1.803696e+13 1.335800e+16 3.052410e+12 1.086512e+17 1.043376e+13 5.021828e+13 9.478425e+06 6.555757e+12
1.770061e+14 5.125400e+04 2.088978e+08 1.228073e+04 4.824240e+19 5.635056e+15 4.421782e+18 2.439160e+22 6.343329e+19 6.887133e+13 1.759044e+14 1.818696e+13 1.363365e+16 2.935286e+12 1.176468e+17 1.034466e+13 5.053622e+13 9.555001e+06 7.004239e+12
1.980397e+14 5.353421e+04 2.291955e+08 1.206109e+04 4.462977e+19 5.920561e+15 4.913779e+18 2.301160e+22 5.638318e+19 6.691728e+13 1.582201e+14 1.920875e+13 1.559436e+16 2.814146e+12 1.192266e+17 1.068427e+13 4.920752e+13 9.525631e+06 7.630937e+12
2.039802e+14 4.826706e+04 2.269879e+08 1.194157e+04 4.433959e+19 6.756376e+15 5.051800e+18 2.285628e+22 6.630183e+19 6.456582e+13 1.739883e+14 1.920190e+13 1.578535e+16 2.979507e+12 1.086881e+17 1.088148e+13 5.165538e+13 1.008332e+07 6.625612e+12
1.775859e+14 4.862470e+04 2.079245e+08 1.230151e+04 4.718919e+19 5.592428e+15 4.769678e+18 2.431827e+22 5.688255e+19 7.269752e+13 1.713021e+14 1.682468e+13 1.344334e+16 2.886735e+12 1.171635e+17 9.939602e+12 4.964510e+13 9.340160e+06 7.334715e+12
1.943761e+14 5.438033e+04 2.217904e+08 1.216513e+04 4.770184e+19 6.155620e+15 4.906728e+18 2.097392e+22 5.761615e+19 6.053998e+13 1.843499e+14 1.988630e+13 1.554031e+16 3.298467e+12 1.217762e+17 9.215433e+12 4.598748e+13 1.006290e+07 7.366340e+12
2.064876e+14 5.562607e+04 2.177455e+08 1.129246e+04 4.223232e+19 6.722781e+15 4.813100e+18 2.023985e+22 6.129744e+19 7.157321e+13 1.790281e+14 1.653532e+13 1.524576e+16 2.777272e+12 1.083934e+17 1.013337e+13 5.165570e+13 1.024040e+07 7.372479e+12
1.803624e+14 5.471011e+04 2.072215e+08 1.174296e+04 4.241074e+19 6.547937e+15 4.769830e+18 2.101152e+22 6.510521e+19 6.316972e+13 1.718835e+14 1.989485e+13 1.503990e+16 2.963825e+12 1.120948e+17 1.095955e+13 4.512315e+13 8.888090e+06 7.594294e+12
1.794481e+14 4.937260e+04 1.991860e+08 1.339095e+04 4.536758e+19 5.911409e+15 5.053780e+18 2.249799e+22 6.607385e+19 6.728755e+13 1.674910e+14 1.673689e+13 1.553354e+16 2.723059e+12 1.297711e+17 9.867829e+12 4.856348e+13 9.770327e+06 6.751932e+12
1.765008e+14 5.180441e+04 2.079061e+08 1.113530e+04 4.265523e+19 6.283656e+15 5.109745e+18 2.238128e+22 5.812617e+19 6.647061e+13 1.770597e+14 1.651418e+13 1.371955e+16 3.061108e+12 1.167246e+17 1.063607e+13 4.711000e+13 9.575272e+06 7.250520e+12
1.807644e+14 4.932472e+04 2.141415e+08 1.116840e+04 4.999587e+19 6.080142e+15 5.043610e+18 2.374620e+22 5.647576e+19 6.702236e+13 1.795536e+14 1.883861e+13 1.455608e+16 3.066272e+12 1.156265e+17 9.874499e+12 4.935280e+13 1.048450e+07 6.540548e+12
2.098313e+14 4.917633e+04 2.228662e+08 1.176653e+04 4.886053e+19 6.278926e+15 4.482511e+18 2.401027e+22 6.526521e+19 6.825144e+13 1.834424e+14 1.976875e+13 1.404567e+16 2.800835e+12 1.221750e+17 1.062107e+13 4.866837e+13 8.753196e+06 7.293404e+12
2.034375e+14 4.752930e+04 2.053839e+08 1.250257e+04 4.595455e+19 6.650496e+15 5.069959e+18 2.111404e+22 6.228615e+19 6.212939e+13 1.800315e+14 1.886799e+13 1.496044e+16 3.124020e+12 1.207328e+17 9.459217e+12 4.785194e+13 9.953908e+06 6.985053e+12
1.789353e+14 4.813497e+04 2.220956e+08 1.350760e+04 4.319106e+19 6.231608e+15 4.652841e+18 2.211896e+22 6.523239e+19 6.327643e+13 1.531125e+14 1.869035e+13 1.387009e+16 2.804296e+12 1.293942e+17 9.821956e+12 5.134693e+13 9.116725e+06 6.918690e+12
2.036114e+14 4.617580e+04 2.030453e+08 1.351190e+04 4.242805e+19 6.156204e+15 4.930367e+18 2.204885e+22 6.688338e+19 6.163830e+13 1.782207e+14 1.677390e+13 1.450715e+16 3.025576e+12 1.147272e+17 1.046190e+13 4.724562e+13 1.049534e+07 7.205206e+12
1.828470e+14 5.085518e+04 2.228094e+08 1.351307e+04 5.015541e+19 5.942160e+15 4.631638e+18 2.040513e+22 6.146520e+19 6.007183e+13 1.697361e+14 1.694285e+13 1.392950e+16 2.940732e+12 1.153877e+17 1.027463e+13 4.935201e+13 9.272530e+06 6.969807e+12
1.888843e+14 4.954272e+04 2.280221e+08 1.134072e+04 4.766528e+19 5.873230e+15 4.422520e+18 2.020450e+22 6.120089e+19 7.212453e+13 1.820261e+14 1.685731e+13 1.465234e+16 2.868461e+12 1.155936e+17 1.053829e+13 4.820684e+13 8.764275e+06 7.393377e+12
2.083531e+14 5.174290e+04 2.280787e+08 1.270462e+04 4.906522e+19 6.217132e+15 4.908235e+18 2.369815e+22 6.292140e+19 6.426796e+13 1.675994e+14 1.661751e+13 1.351727e+16 2.800314e+12 1.106081e+17 1.091245e+13 4.820857e+13 1.047301e+07 7.089298e+12
2.036660e+14 5.212021e+04 2.207662e+08 1.235901e+04 4.473718e+19 5.649932e+15 4.469469e+18 2.139340e+22 6.292559e+19 6.112283e+13 1.703764e+14 1.980816e+13 1.469879e+16 2.790052e+12 1.152723e+17 9.752013e+12 4.924983e+13 9.510354e+06 7.488825e+12
1.852231e+14 4.716882e+04 2.077488e+08 1.149595e+04 4.348913e+19 6.332240e+15 5.045229e+18 2.337548e+22 6.175397e+19 6.468662e+13 1.827825e+14 1.813570e+13 1.445856e+16 2.749642e+12 1.257029e+17 1.079140e+13 5.297532e+13 9.515939e+06 6.765482e+12
1.790682e+14 5.520783e+04 2.245421e+08 1.338968e+04 4.393406e+19 6.530468e+15 5.019564e+18 2.204767e+22 5.931688e+19 6.476289e+13 1.709033e+14 1.792218e+13 1.341981e+16 2.980679e+12 1.163988e+17 9.416961e+12 4.577023e+13 9.600702e+06 7.262694e+12
1.866295e+14 5.533522e+04 2.315355e+08 1.166498e+04 4.903702e+19 6.725704e+15 4.737770e+18 2.080214e+22 6.221030e+19 6.849352e+13 1.584245e+14 1.748352e+13 1.462671e+16 3.183506e+12 1.150571e+17 9.126393e+12 5.049850e+13 1.039627e+07 6.734456e+12
1.725679e+14 5.183933e+04 2.214140e+08 1.352737e+04 4.552270e+19 6.392642e+15 4.606842e+18 2.102250e+22 6.694360e+19 6.291195e+13 1.751216e+14 1.807651e+13 1.363142e+16 3.231952e+12 1.311706e+17 9.478843e+12 5.234562e+13 9.532244e+06 7.225114e+12
1.820179e+14 4.965971e+04 2.368400e+08 1.250343e+04 4.726464e+19 6.150565e+15 4.799682e+18 2.156589e+22 6.750660e+19 6.844124e+13 1.525680e+14 1.680984e+13 1.499347e+16 3.093255e+12 1.322075e+17 1.056040e+13 4.901373e+13 8.652549e+06 6.796265e+12
2.028239e+14 4.940999e+04 2.365848e+08 1.152087e+04 4.856864e+19 6.147016e+15 4.372257e+18 2.376716e+22 6.041411e+19 6.097602e+13 1.649471e+14 1.683633e+13 1.466853e+16 2.947452e+12 1.162899e+17 9.752151e+12 5.186944e+13 1.038175e+07 6.385837e+12
1.729343e+14 4.779615e+04 2.016012e+08 1.202164e+04 4.350878e+19 6.740432e+15 5.004637e+18 2.021656e+22 6.538652e+19 6.737224e+13 1.794335e+14 1.924153e+13 1.372390e+16 3.128666e+12 1.196019e+17 1.016297e+13 5.005145e+13 1.002230e+07 6.921472e+12
1.952857e+14 4.853193e+04 1.954013e+08 1.153660e+04 4.192142e+19 5.809092e+15 5.153181e+18 2.037999e+22 6.336699e+19 6.108704e+13 1.715730e+14 1.705484e+13 1.454521e+16 2.907514e+12 1.281248e+17 9.483404e+12 4.676767e+13 9.990086e+06 7.291656e+12
1.954757e+14 4.822480e+04 2.013442e+08 1.208050e+04 4.790069e+19 6.056062e+15 4.977791e+18 2.269568e+22 5.836782e+19 6.693985e+13 1.572303e+14 1.660328e+13 1.396348e+16 3.156889e+12 1.105697e+17 9.877109e+12 5.129154e+13 8.796087e+06 6.660386e+12
1.763772e+14 4.748386e+04 2.342951e+08 1.253291e+04 4.999363e+19 6.768758e+15 4.468245e+18 2.323691e+22 5.616190e+19 6.656191e+13 1.632491e+14 1.769187e+13 1.550512e+16 3.270348e+12 1.203951e+17 9.360905e+12 4.566550e+13 1.005730e+07 7.165708e+12
1.869784e+14 5.554075e+04 2.355934e+08 1.283280e+04 4.992413e+19 5.583532e+15 5.060253e+18 2.341611e+22 5.588124e+19 6.359806e+13 1.842699e+14 1.952412e+13 1.434739e+16 2.775317e+12 1.282254e+17 9.746241e+12 5.226513e+13 9.947049e+06 6.470275e+12
1.737470e+14 5.544325e+04 2.035143e+08 1.226775e+04 4.568303e+19 6.413236e+15 5.004491e+18 2.230903e+22 5.704594e+19 6.571297e+13 1.531270e+14 1.784169e+13 1.334025e+16 3.119646e+12 1.266938e+17 1.072787e+13 5.223770e+13 1.035705e+07 7.192254e+12
2.064528e+14 5.179541e+04 2.099747e+08 1.183159e+04 4.698009e+19 5.579537e+15 4.302639e+18 2.180710e+22 5.824742e+19 6.018272e+13 1.784023e+14 1.906402e+13 1.566462e+16 2.933551e+12 1.277966e+17 1.071199e+13 4.944868e+13 9.567326e+06 6.381608e+12
2.099193e+14 5.315002e+04 2.181330e+08 1.249051e+04 4.790284e+19 5.944147e+15 4.460602e+18 2.392307e+22 6.576014e+19 6.761278e+13 1.582308e+14 1.989286e+13 1.553266e+16 3.178424e+12 1.094193e+17 1.088016e+13 4.831783e+13 9.955130e+06 6.366674e+12
1.746458e+14 4.917831e+04 2.061431e+08 1.215660e+04 4.945366e+19 5.639159e+15 4.798555e+18 2.219465e+22 5.905297e+19 5.967645e+13 1.593216e+14 1.636263e+13 1.388036e+16 3.288783e+12 1.245590e+17 9.811480e+12 4.627057e+13 1.025870e+07 7.016722e+12
2.064579e+14 4.665528e+04 2.142980e+08 1.195481e+04 4.267821e+19 5.623571e+15 4.372223e+18 2.159972e+22 6.516833e+19 6.632405e+13 1.741578e+14 1.668168e+13 1.380114e+16 2.853140e+12 1.313376e+17 1.096462e+13 4.772824e+13 9.417564e+06 6.719041e+12
1.944453e+14 5.042914e+04 2.244742e+08 1.186048e+04 4.490844e+19 5.685864e+15 4.882234e+18 2.057539e+22 6.175758e+19 6.632289e+13 1.569703e+14 1.880497e+13 1.324248e+16 2.752581e+12 1.250308e+17 9.965208e+12 5.029326e+13 9.525416e+06 6.785011e+12
