1.111029049794e-01
1.422313008495e-01
1.397668487779e-01
1.304759983590e-01
1.445185427306e-01
1.423306537142e-01
1.278746665394e-01
1.333920303076e-01
1.509432676470e-01
1.290309829260e-01
1.201933333380e-01
1.480551604971e-01
1.491804368268e-01
1.521455155873e-01
1.589400532446e-01
1.115584528807e-01
1.338531223031e-01
1.496630401911e-01
1.295314041548e-01
1.505759724054e-01
1.291492402490e-01
1.354262380625e-01
1.108196231456e-01
1.477777232143e-01
1.614863631890e-01
1.376335290821e-01
1.475846948914e-01
1.294297318287e-01
1.199602849871e-01
1.531308234134e-01
