1.111491012432e-01
1.276890207579e-01
1.423096100430e-01
1.251556945897e-01
1.448251499497e-01
1.434464615512e-01
1.124495565306e-01
1.359995334841e-01
1.286512522144e-01
1.215018143133e-01
1.190099511303e-01
1.597344114326e-01
1.411887865953e-01
1.377547290997e-01
1.265932205191e-01
1.218293770498e-01
1.244784564359e-01
1.387059920552e-01
1.399749115050e-01
1.383981649413e-01
1.324742892888e-01
1.272619740114e-01
1.253358039301e-01
1.217194745074e-01
1.412351803864e-01
1.403371799938e-01
1.450913525924e-01
1.463498949832e-01
1.177017857309e-01
1.520437064106e-01
1.291234723063e-01
1.255883223489e-01
1.365074866315e-01
1.055925499356e-01
1.276287660163e-01
1.046256369454e-01
1.397023310442e-01
1.427001499279e-01
1.218153717125e-01
1.234210792833e-01
