1.392461831958e-01
1.323532080879e-01
1.215621372403e-01
1.002798054329e-01
1.346161121508e-01
1.395223248153e-01
1.259355152948e-01
1.251574697268e-01
1.348000922755e-01
1.526281851628e-01
1.440446147151e-01
1.461200279103e-01
1.623367606351e-01
1.403437482223e-01
1.387594461209e-01
1.224690886949e-01
1.291628449552e-01
1.424172535367e-01
1.240742624418e-01
1.320774750659e-01
1.427154585488e-01
1.060584651017e-01
1.197762185801e-01
1.276287677431e-01
1.326266408652e-01
1.383187808353e-01
1.410793094268e-01
1.576587691041e-01
1.348255269966e-01
1.388232002656e-01
1.327885028095e-01
1.156731388782e-01
1.489385146812e-01
1.371381241306e-01
1.334551633340e-01
1.277364307755e-01
1.229570989161e-01
1.465448494815e-01
1.197735946835e-01
1.157460728287e-01
1.243767399604e-01
1.188769652931e-01
1.324677759371e-01
1.573524068654e-01
1.436983188207e-01
1.220613018335e-01
1.138797510748e-01
1.485361003877e-01
1.253487936717e-01
1.340991572567e-01
1.085468501224e-01
1.232448057404e-01
1.178319261504e-01
1.357127431009e-01
1.368729216016e-01
1.265065537921e-01
1.570786170957e-01
1.271299555986e-01
1.479350597314e-01
1.219261523931e-01
