1.179870006790e-01
1.370694703888e-01
1.439519529270e-01
1.332021779668e-01
1.406709770834e-01
1.496313689899e-01
1.142007461629e-01
1.371497154361e-01
1.399036420658e-01
1.377075305395e-01
1.273205994477e-01
1.537428713944e-01
1.414828104087e-01
1.454477545660e-01
1.429568835671e-01
1.273958254790e-01
1.326994310407e-01
1.259203298467e-01
1.328590840071e-01
1.381751802349e-01
1.475749527112e-01
1.335852030797e-01
1.219814870876e-01
1.622492684717e-01
1.436492337795e-01
1.321963937778e-01
1.488271067181e-01
1.286553025224e-01
1.212798413349e-01
1.551213063641e-01
1.257439926448e-01
1.055359043831e-01
1.403634013345e-01
1.507938879611e-01
1.307666822465e-01
1.267292941280e-01
1.137190244188e-01
1.417977625840e-01
1.247400671437e-01
1.218276429922e-01
1.258407799106e-01
1.238308051553e-01
1.298535645500e-01
1.469384117744e-01
1.365565062417e-01
1.378097933002e-01
1.267433536559e-01
1.461330797102e-01
1.366232156228e-01
1.442909340538e-01
