1.912932e+14 5.080000e+04 2.160000e+08 1.230000e+04 4.577000e+19 6.165000e+15 4.714000e+18 2.240000e+22 5.980632e+19 6.630000e+13 1.690000e+14 1.810000e+13 1.450000e+16 3.020000e+12 1.203727e+17 1.000000e+13 5.242247e+13 9.550000e+06 7.000000e+12
1.810856e+14 5.080000e+04 2.160000e+08 1.230000e+04 4.577000e+19 6.165000e+15 4.714000e+18 2.240000e+22 5.987078e+19 6.630000e+13 1.690000e+14 1.810000e+13 1.450000e+16 3.020000e+12 1.207794e+17 1.000000e+13 5.026385e+13 9.550000e+06 7.000000e+12
1.821347e+14 5.080000e+04 2.160000e+08 1.230000e+04 4.577000e+19 6.165000e+15 4.714000e+18 2.240000e+22 5.732506e+19 6.630000e+13 1.690000e+14 1.810000e+13 1.450000e+16 3.020000e+12 1.304891e+17 1.000000e+13 5.044311e+13 9.550000e+06 7.000000e+12
1.875294e+14 5.080000e+04 2.160000e+08 1.230000e+04 4.577000e+19 6.165000e+15 4.714000e+18 2.240000e+22 6.753268e+19 6.630000e+13 1.690000e+14 1.810000e+13 1.450000e+16 3.020000e+12 1.219158e+17 1.000000e+13 4.783125e+13 9.550000e+06 7.000000e+12
1.868012e+14 5.080000e+04 2.160000e+08 1.230000e+04 4.577000e+19 6.165000e+15 4.714000e+18 2.240000e+22 6.674926e+19 6.630000e+13 1.690000e+14 1.810000e+13 1.450000e+16 3.020000e+12 1.242468e+17 1.000000e+13 5.235801e+13 9.550000e+06 7.000000e+12
2.105188e+14 5.080000e+04 2.160000e+08 1.230000e+04 4.577000e+19 6.165000e+15 4.714000e+18 2.240000e+22 6.243987e+19 6.630000e+13 1.690000e+14 1.810000e+13 1.450000e+16 3.020000e+12 1.094363e+17 1.000000e+13 4.729789e+13 9.550000e+06 7.000000e+12
1.879840e+14 5.080000e+04 2.160000e+08 1.230000e+04 4.577000e+19 6.165000e+15 4.714000e+18 2.240000e+22 5.939971e+19 6.630000e+13 1.690000e+14 1.810000e+13 1.450000e+16 3.020000e+12 1.160425e+17 1.000000e+13 4.996610e+13 9.550000e+06 7.000000e+12
2.019135e+14 5.080000e+04 2.160000e+08 1.230000e+04 4.577000e+19 6.165000e+15 4.714000e+18 2.240000e+22 6.649039e+19 6.630000e+13 1.690000e+14 1.810000e+13 1.450000e+16 3.020000e+12 1.095359e+17 1.000000e+13 4.964519e+13 9.550000e+06 7.000000e+12
2.014786e+14 5.080000e+04 2.160000e+08 1.230000e+04 4.577000e+19 6.165000e+15 4.714000e+18 2.240000e+22 6.385423e+19 6.630000e+13 1.690000e+14 1.810000e+13 1.450000e+16 3.020000e+12 1.125031e+17 1.000000e+13 4.915210e+13 9.550000e+06 7.000000e+12
1.842234e+14 5.080000e+04 2.160000e+08 1.230000e+04 4.577000e+19 6.165000e+15 4.714000e+18 2.240000e+22 6.035602e+19 6.630000e+13 1.690000e+14 1.810000e+13 1.450000e+16 3.020000e+12 1.304394e+17 1.000000e+13 4.552046e+13 9.550000e+06 7.000000e+12
