1.912932e+14 5.080000e+04 2.160000e+08 1.230000e+04 4.577000e+19 6.165000e+15 4.714000e+18 2.240000e+22 6.395029e+19 6.630000e+13 1.690000e+14 1.810000e+13 1.450000e+16 3.020000e+12 1.085143e+17 1.000000e+13 4.905135e+13 9.550000e+06 7.000000e+12
1.810856e+14 5.080000e+04 2.160000e+08 1.230000e+04 4.577000e+19 6.165000e+15 4.714000e+18 2.240000e+22 6.636521e+19 6.630000e+13 1.690000e+14 1.810000e+13 1.450000e+16 3.020000e+12 1.223374e+17 1.000000e+13 4.353939e+13 9.550000e+06 7.000000e+12
1.821347e+14 5.080000e+04 2.160000e+08 1.230000e+04 4.577000e+19 6.165000e+15 4.714000e+18 2.240000e+22 6.536149e+19 6.630000e+13 1.690000e+14 1.810000e+13 1.450000e+16 3.020000e+12 1.173872e+17 1.000000e+13 4.694701e+13 9.550000e+06 7.000000e+12
1.875294e+14 5.080000e+04 2.160000e+08 1.230000e+04 4.577000e+19 6.165000e+15 4.714000e+18 2.240000e+22 6.086091e+19 6.630000e+13 1.690000e+14 1.810000e+13 1.450000e+16 3.020000e+12 1.109402e+17 1.000000e+13 4.378613e+13 9.550000e+06 7.000000e+12
1.868012e+14 5.080000e+04 2.160000e+08 1.230000e+04 4.577000e+19 6.165000e+15 4.714000e+18 2.240000e+22 6.685662e+19 6.630000e+13 1.690000e+14 1.810000e+13 1.450000e+16 3.020000e+12 1.289615e+17 1.000000e+13 4.460698e+13 9.550000e+06 7.000000e+12
2.105188e+14 5.080000e+04 2.160000e+08 1.230000e+04 4.577000e+19 6.165000e+15 4.714000e+18 2.240000e+22 6.517783e+19 6.630000e+13 1.690000e+14 1.810000e+13 1.450000e+16 3.020000e+12 1.279326e+17 1.000000e+13 4.510815e+13 9.550000e+06 7.000000e+12
1.879840e+14 5.080000e+04 2.160000e+08 1.230000e+04 4.577000e+19 6.165000e+15 4.714000e+18 2.240000e+22 6.448576e+19 6.630000e+13 1.690000e+14 1.810000e+13 1.450000e+16 3.020000e+12 1.259093e+17 1.000000e+13 4.498466e+13 9.550000e+06 7.000000e+12
2.019135e+14 5.080000e+04 2.160000e+08 1.230000e+04 4.577000e+19 6.165000e+15 4.714000e+18 2.240000e+22 5.707071e+19 6.630000e+13 1.690000e+14 1.810000e+13 1.450000e+16 3.020000e+12 1.283819e+17 1.000000e+13 5.189876e+13 9.550000e+06 7.000000e+12
2.014786e+14 5.080000e+04 2.160000e+08 1.230000e+04 4.577000e+19 6.165000e+15 4.714000e+18 2.240000e+22 6.683725e+19 6.630000e+13 1.690000e+14 1.810000e+13 1.450000e+16 3.020000e+12 1.178328e+17 1.000000e+13 5.211338e+13 9.550000e+06 7.000000e+12
1.842234e+14 5.080000e+04 2.160000e+08 1.230000e+04 4.577000e+19 6.165000e+15 4.714000e+18 2.240000e+22 6.031435e+19 6.630000e+13 1.690000e+14 1.810000e+13 1.450000e+16 3.020000e+12 1.261768e+17 1.000000e+13 4.564927e+13 9.550000e+06 7.000000e+12
1.856225e+14 5.080000e+04 2.160000e+08 1.230000e+04 4.577000e+19 6.165000e+15 4.714000e+18 2.240000e+22 5.916943e+19 6.630000e+13 1.690000e+14 1.810000e+13 1.450000e+16 3.020000e+12 1.216335e+17 1.000000e+13 4.730599e+13 9.550000e+06 7.000000e+12
1.858226e+14 5.080000e+04 2.160000e+08 1.230000e+04 4.577000e+19 6.165000e+15 4.714000e+18 2.240000e+22 6.314047e+19 6.630000e+13 1.690000e+14 1.810000e+13 1.450000e+16 3.020000e+12 1.229222e+17 1.000000e+13 4.792198e+13 9.550000e+06 7.000000e+12
1.779214e+14 5.080000e+04 2.160000e+08 1.230000e+04 4.577000e+19 6.165000e+15 4.714000e+18 2.240000e+22 6.130322e+19 6.630000e+13 1.690000e+14 1.810000e+13 1.450000e+16 3.020000e+12 1.153464e+17 1.000000e+13 5.138346e+13 9.550000e+06 7.000000e+12
2.096031e+14 5.080000e+04 2.160000e+08 1.230000e+04 4.577000e+19 6.165000e+15 4.714000e+18 2.240000e+22 5.868088e+19 6.630000e+13 1.690000e+14 1.810000e+13 1.450000e+16 3.020000e+12 1.226612e+17 1.000000e+13 4.619495e+13 9.550000e+06 7.000000e+12
2.071715e+14 5.080000e+04 2.160000e+08 1.230000e+04 4.577000e+19 6.165000e+15 4.714000e+18 2.240000e+22 6.588321e+19 6.630000e+13 1.690000e+14 1.810000e+13 1.450000e+16 3.020000e+12 1.184133e+17 1.000000e+13 4.505571e+13 9.550000e+06 7.000000e+12
1.937964e+14 5.080000e+04 2.160000e+08 1.230000e+04 4.577000e+19 6.165000e+15 4.714000e+18 2.240000e+22 5.773416e+19 6.630000e+13 1.690000e+14 1.810000e+13 1.450000e+16 3.020000e+12 1.211266e+17 1.000000e+13 4.779650e+13 9.550000e+06 7.000000e+12
1.843605e+14 5.080000e+04 2.160000e+08 1.230000e+04 4.577000e+19 6.165000e+15 4.714000e+18 2.240000e+22 5.833259e+19 6.630000e+13 1.690000e+14 1.810000e+13 1.450000e+16 3.020000e+12 1.198810e+17 1.000000e+13 5.207942e+13 9.550000e+06 7.000000e+12
2.063681e+14 5.080000e+04 2.160000e+08 1.230000e+04 4.577000e+19 6.165000e+15 4.714000e+18 2.240000e+22 6.367288e+19 6.630000e+13 1.690000e+14 1.810000e+13 1.450000e+16 3.020000e+12 1.201974e+17 1.000000e+13 4.911519e+13 9.550000e+06 7.000000e+12
1.981861e+14 5.080000e+04 2.160000e+08 1.230000e+04 4.577000e+19 6.165000e+15 4.714000e+18 2.240000e+22 6.144229e+19 6.630000e+13 1.690000e+14 1.810000e+13 1.450000e+16 3.020000e+12 1.302357e+17 1.000000e+13 4.735759e+13 9.550000e+06 7.000000e+12
1.873286e+14 5.080000e+04 2.160000e+08 1.230000e+04 4.577000e+19 6.165000e+15 4.714000e+18 2.240000e+22 5.643634e+19 6.630000e+13 1.690000e+14 1.810000e+13 1.450000e+16 3.020000e+12 1.144996e+17 1.000000e+13 4.729048e+13 9.550000e+06 7.000000e+12
1.917752e+14 5.080000e+04 2.160000e+08 1.230000e+04 4.577000e+19 6.165000e+15 4.714000e+18 2.240000e+22 5.724477e+19 6.630000e+13 1.690000e+14 1.810000e+13 1.450000e+16 3.020000e+12 1.093747e+17 1.000000e+13 4.635379e+13 9.550000e+06 7.000000e+12
1.924232e+14 5.080000e+04 2.160000e+08 1.230000e+04 4.577000e+19 6.165000e+15 4.714000e+18 2.240000e+22 5.691587e+19 6.630000e+13 1.690000e+14 1.810000e+13 1.450000e+16 3.020000e+12 1.193031e+17 1.000000e+13 4.644435e+13 9.550000e+06 7.000000e+12
2.078924e+14 5.080000e+04 2.160000e+08 1.230000e+04 4.577000e+19 6.165000e+15 4.714000e+18 2.240000e+22 6.142587e+19 6.630000e+13 1.690000e+14 1.810000e+13 1.450000e+16 3.020000e+12 1.179936e+17 1.000000e+13 4.738143e+13 9.550000e+06 7.000000e+12
1.942336e+14 5.080000e+04 2.160000e+08 1.230000e+04 4.577000e+19 6.165000e+15 4.714000e+18 2.240000e+22 6.219726e+19 6.630000e+13 1.690000e+14 1.810000e+13 1.450000e+16 3.020000e+12 1.198885e+17 1.000000e+13 4.953193e+13 9.550000e+06 7.000000e+12
1.979473e+14 5.080000e+04 2.160000e+08 1.230000e+04 4.577000e+19 6.165000e+15 4.714000e+18 2.240000e+22 6.735260e+19 6.630000e+13 1.690000e+14 1.810000e+13 1.450000e+16 3.020000e+12 1.098752e+17 1.000000e+13 5.104640e+13 9.550000e+06 7.000000e+12
1.743515e+14 5.080000e+04 2.160000e+08 1.230000e+04 4.577000e+19 6.165000e+15 4.714000e+18 2.240000e+22 6.273400e+19 6.630000e+13 1.690000e+14 1.810000e+13 1.450000e+16 3.020000e+12 1.221739e+17 1.000000e+13 4.373700e+13 9.550000e+06 7.000000e+12
1.848763e+14 5.080000e+04 2.160000e+08 1.230000e+04 4.577000e+19 6.165000e+15 4.714000e+18 2.240000e+22 6.202903e+19 6.630000e+13 1.690000e+14 1.810000e+13 1.450000e+16 3.020000e+12 1.319080e+17 1.000000e+13 5.046098e+13 9.550000e+06 7.000000e+12
1.745102e+14 5.080000e+04 2.160000e+08 1.230000e+04 4.577000e+19 6.165000e+15 4.714000e+18 2.240000e+22 6.691072e+19 6.630000e+13 1.690000e+14 1.810000e+13 1.450000e+16 3.020000e+12 1.132065e+17 1.000000e+13 5.082758e+13 9.550000e+06 7.000000e+12
1.792374e+14 5.080000e+04 2.160000e+08 1.230000e+04 4.577000e+19 6.165000e+15 4.714000e+18 2.240000e+22 6.687363e+19 6.630000e+13 1.690000e+14 1.810000e+13 1.450000e+16 3.020000e+12 1.132855e+17 1.000000e+13 4.573625e+13 9.550000e+06 7.000000e+12
2.078132e+14 5.080000e+04 2.160000e+08 1.230000e+04 4.577000e+19 6.165000e+15 4.714000e+18 2.240000e+22 5.863979e+19 6.630000e+13 1.690000e+14 1.810000e+13 1.450000e+16 3.020000e+12 1.312857e+17 1.000000e+13 5.287614e+13 9.550000e+06 7.000000e+12
2.082760e+14 5.080000e+04 2.160000e+08 1.230000e+04 4.577000e+19 6.165000e+15 4.714000e+18 2.240000e+22 6.395369e+19 6.630000e+13 1.690000e+14 1.810000e+13 1.450000e+16 3.020000e+12 1.251752e+17 1.000000e+13 4.988706e+13 9.550000e+06 7.000000e+12
1.996998e+14 5.080000e+04 2.160000e+08 1.230000e+04 4.577000e+19 6.165000e+15 4.714000e+18 2.240000e+22 6.742917e+19 6.630000e+13 1.690000e+14 1.810000e+13 1.450000e+16 3.020000e+12 1.224350e+17 1.000000e+13 5.198625e+13 9.550000e+06 7.000000e+12
2.004119e+14 5.080000e+04 2.160000e+08 1.230000e+04 4.577000e+19 6.165000e+15 4.714000e+18 2.240000e+22 5.833071e+19 6.630000e+13 1.690000e+14 1.810000e+13 1.450000e+16 3.020000e+12 1.173357e+17 1.000000e+13 4.572305e+13 9.550000e+06 7.000000e+12
1.900349e+14 5.080000e+04 2.160000e+08 1.230000e+04 4.577000e+19 6.165000e+15 4.714000e+18 2.240000e+22 6.436565e+19 6.630000e+13 1.690000e+14 1.810000e+13 1.450000e+16 3.020000e+12 1.235353e+17 1.000000e+13 4.387835e+13 9.550000e+06 7.000000e+12
2.080199e+14 5.080000e+04 2.160000e+08 1.230000e+04 4.577000e+19 6.165000e+15 4.714000e+18 2.240000e+22 6.537436e+19 6.630000e+13 1.690000e+14 1.810000e+13 1.450000e+16 3.020000e+12 1.202584e+17 1.000000e+13 5.022192e+13 9.550000e+06 7.000000e+12
1.879159e+14 5.080000e+04 2.160000e+08 1.230000e+04 4.577000e+19 6.165000e+15 4.714000e+18 2.240000e+22 6.708951e+19 6.630000e+13 1.690000e+14 1.810000e+13 1.450000e+16 3.020000e+12 1.103386e+17 1.000000e+13 5.260803e+13 9.550000e+06 7.000000e+12
1.985168e+14 5.080000e+04 2.160000e+08 1.230000e+04 4.577000e+19 6.165000e+15 4.714000e+18 2.240000e+22 6.606494e+19 6.630000e+13 1.690000e+14 1.810000e+13 1.450000e+16 3.020000e+12 1.153241e+17 1.000000e+13 4.360013e+13 9.550000e+06 7.000000e+12
1.972418e+14 5.080000e+04 2.160000e+08 1.230000e+04 4.577000e+19 6.165000e+15 4.714000e+18 2.240000e+22 6.073188e+19 6.630000e+13 1.690000e+14 1.810000e+13 1.450000e+16 3.020000e+12 1.280886e+17 1.000000e+13 5.218269e+13 9.550000e+06 7.000000e+12
1.952827e+14 5.080000e+04 2.160000e+08 1.230000e+04 4.577000e+19 6.165000e+15 4.714000e+18 2.240000e+22 5.559713e+19 6.630000e+13 1.690000e+14 1.810000e+13 1.450000e+16 3.020000e+12 1.123980e+17 1.000000e+13 5.040056e+13 9.550000e+06 7.000000e+12
1.808541e+14 5.080000e+04 2.160000e+08 1.230000e+04 4.577000e+19 6.165000e+15 4.714000e+18 2.240000e+22 5.596024e+19 6.630000e+13 1.690000e+14 1.810000e+13 1.450000e+16 3.020000e+12 1.299239e+17 1.000000e+13 5.259011e+13 9.550000e+06 7.000000e+12
