1.912932e+14 5.080000e+04 2.160000e+08 1.230000e+04 4.577000e+19 6.165000e+15 4.714000e+18 2.240000e+22 6.710511e+19 6.630000e+13 1.690000e+14 1.810000e+13 1.450000e+16 3.020000e+12 1.115206e+17 1.000000e+13 4.877483e+13 9.550000e+06 7.000000e+12
1.810856e+14 5.080000e+04 2.160000e+08 1.230000e+04 4.577000e+19 6.165000e+15 4.714000e+18 2.240000e+22 6.434190e+19 6.630000e+13 1.690000e+14 1.810000e+13 1.450000e+16 3.020000e+12 1.108799e+17 1.000000e+13 4.929161e+13 9.550000e+06 7.000000e+12
1.821347e+14 5.080000e+04 2.160000e+08 1.230000e+04 4.577000e+19 6.165000e+15 4.714000e+18 2.240000e+22 6.457137e+19 6.630000e+13 1.690000e+14 1.810000e+13 1.450000e+16 3.020000e+12 1.196660e+17 1.000000e+13 4.625370e+13 9.550000e+06 7.000000e+12
1.875294e+14 5.080000e+04 2.160000e+08 1.230000e+04 4.577000e+19 6.165000e+15 4.714000e+18 2.240000e+22 6.122797e+19 6.630000e+13 1.690000e+14 1.810000e+13 1.450000e+16 3.020000e+12 1.211687e+17 1.000000e+13 4.918694e+13 9.550000e+06 7.000000e+12
1.868012e+14 5.080000e+04 2.160000e+08 1.230000e+04 4.577000e+19 6.165000e+15 4.714000e+18 2.240000e+22 6.702260e+19 6.630000e+13 1.690000e+14 1.810000e+13 1.450000e+16 3.020000e+12 1.312120e+17 1.000000e+13 4.748352e+13 9.550000e+06 7.000000e+12
2.105188e+14 5.080000e+04 2.160000e+08 1.230000e+04 4.577000e+19 6.165000e+15 4.714000e+18 2.240000e+22 6.054523e+19 6.630000e+13 1.690000e+14 1.810000e+13 1.450000e+16 3.020000e+12 1.222144e+17 1.000000e+13 4.857157e+13 9.550000e+06 7.000000e+12
1.879840e+14 5.080000e+04 2.160000e+08 1.230000e+04 4.577000e+19 6.165000e+15 4.714000e+18 2.240000e+22 6.396076e+19 6.630000e+13 1.690000e+14 1.810000e+13 1.450000e+16 3.020000e+12 1.208410e+17 1.000000e+13 4.807208e+13 9.550000e+06 7.000000e+12
2.019135e+14 5.080000e+04 2.160000e+08 1.230000e+04 4.577000e+19 6.165000e+15 4.714000e+18 2.240000e+22 6.354996e+19 6.630000e+13 1.690000e+14 1.810000e+13 1.450000e+16 3.020000e+12 1.303512e+17 1.000000e+13 4.819896e+13 9.550000e+06 7.000000e+12
2.014786e+14 5.080000e+04 2.160000e+08 1.230000e+04 4.577000e+19 6.165000e+15 4.714000e+18 2.240000e+22 6.291876e+19 6.630000e+13 1.690000e+14 1.810000e+13 1.450000e+16 3.020000e+12 1.302789e+17 1.000000e+13 5.222431e+13 9.550000e+06 7.000000e+12
1.842234e+14 5.080000e+04 2.160000e+08 1.230000e+04 4.577000e+19 6.165000e+15 4.714000e+18 2.240000e+22 5.826997e+19 6.630000e+13 1.690000e+14 1.810000e+13 1.450000e+16 3.020000e+12 1.142383e+17 1.000000e+13 4.591413e+13 9.550000e+06 7.000000e+12
1.856225e+14 5.080000e+04 2.160000e+08 1.230000e+04 4.577000e+19 6.165000e+15 4.714000e+18 2.240000e+22 6.395029e+19 6.630000e+13 1.690000e+14 1.810000e+13 1.450000e+16 3.020000e+12 1.245905e+17 1.000000e+13 4.385909e+13 9.550000e+06 7.000000e+12
1.858226e+14 5.080000e+04 2.160000e+08 1.230000e+04 4.577000e+19 6.165000e+15 4.714000e+18 2.240000e+22 6.636521e+19 6.630000e+13 1.690000e+14 1.810000e+13 1.450000e+16 3.020000e+12 1.313612e+17 1.000000e+13 4.784035e+13 9.550000e+06 7.000000e+12
1.779214e+14 5.080000e+04 2.160000e+08 1.230000e+04 4.577000e+19 6.165000e+15 4.714000e+18 2.240000e+22 6.536149e+19 6.630000e+13 1.690000e+14 1.810000e+13 1.450000e+16 3.020000e+12 1.136362e+17 1.000000e+13 4.731523e+13 9.550000e+06 7.000000e+12
2.096031e+14 5.080000e+04 2.160000e+08 1.230000e+04 4.577000e+19 6.165000e+15 4.714000e+18 2.240000e+22 6.086091e+19 6.630000e+13 1.690000e+14 1.810000e+13 1.450000e+16 3.020000e+12 1.253931e+17 1.000000e+13 4.807510e+13 9.550000e+06 7.000000e+12
2.071715e+14 5.080000e+04 2.160000e+08 1.230000e+04 4.577000e+19 6.165000e+15 4.714000e+18 2.240000e+22 6.685662e+19 6.630000e+13 1.690000e+14 1.810000e+13 1.450000e+16 3.020000e+12 1.273582e+17 1.000000e+13 4.405977e+13 9.550000e+06 7.000000e+12
1.937964e+14 5.080000e+04 2.160000e+08 1.230000e+04 4.577000e+19 6.165000e+15 4.714000e+18 2.240000e+22 6.517783e+19 6.630000e+13 1.690000e+14 1.810000e+13 1.450000e+16 3.020000e+12 1.306995e+17 1.000000e+13 4.899153e+13 9.550000e+06 7.000000e+12
1.843605e+14 5.080000e+04 2.160000e+08 1.230000e+04 4.577000e+19 6.165000e+15 4.714000e+18 2.240000e+22 6.448576e+19 6.630000e+13 1.690000e+14 1.810000e+13 1.450000e+16 3.020000e+12 1.287035e+17 1.000000e+13 5.289489e+13 9.550000e+06 7.000000e+12
2.063681e+14 5.080000e+04 2.160000e+08 1.230000e+04 4.577000e+19 6.165000e+15 4.714000e+18 2.240000e+22 5.707071e+19 6.630000e+13 1.690000e+14 1.810000e+13 1.450000e+16 3.020000e+12 1.183140e+17 1.000000e+13 4.539561e+13 9.550000e+06 7.000000e+12
1.981861e+14 5.080000e+04 2.160000e+08 1.230000e+04 4.577000e+19 6.165000e+15 4.714000e+18 2.240000e+22 6.683725e+19 6.630000e+13 1.690000e+14 1.810000e+13 1.450000e+16 3.020000e+12 1.083108e+17 1.000000e+13 4.542731e+13 9.550000e+06 7.000000e+12
1.873286e+14 5.080000e+04 2.160000e+08 1.230000e+04 4.577000e+19 6.165000e+15 4.714000e+18 2.240000e+22 6.031435e+19 6.630000e+13 1.690000e+14 1.810000e+13 1.450000e+16 3.020000e+12 1.090182e+17 1.000000e+13 5.264534e+13 9.550000e+06 7.000000e+12
1.917752e+14 5.080000e+04 2.160000e+08 1.230000e+04 4.577000e+19 6.165000e+15 4.714000e+18 2.240000e+22 5.916943e+19 6.630000e+13 1.690000e+14 1.810000e+13 1.450000e+16 3.020000e+12 1.085143e+17 1.000000e+13 5.019504e+13 9.550000e+06 7.000000e+12
1.924232e+14 5.080000e+04 2.160000e+08 1.230000e+04 4.577000e+19 6.165000e+15 4.714000e+18 2.240000e+22 6.314047e+19 6.630000e+13 1.690000e+14 1.810000e+13 1.450000e+16 3.020000e+12 1.223374e+17 1.000000e+13 4.909621e+13 9.550000e+06 7.000000e+12
2.078924e+14 5.080000e+04 2.160000e+08 1.230000e+04 4.577000e+19 6.165000e+15 4.714000e+18 2.240000e+22 6.130322e+19 6.630000e+13 1.690000e+14 1.810000e+13 1.450000e+16 3.020000e+12 1.173872e+17 1.000000e+13 4.705142e+13 9.550000e+06 7.000000e+12
1.942336e+14 5.080000e+04 2.160000e+08 1.230000e+04 4.577000e+19 6.165000e+15 4.714000e+18 2.240000e+22 5.868088e+19 6.630000e+13 1.690000e+14 1.810000e+13 1.450000e+16 3.020000e+12 1.109402e+17 1.000000e+13 4.953746e+13 9.550000e+06 7.000000e+12
1.979473e+14 5.080000e+04 2.160000e+08 1.230000e+04 4.577000e+19 6.165000e+15 4.714000e+18 2.240000e+22 6.588321e+19 6.630000e+13 1.690000e+14 1.810000e+13 1.450000e+16 3.020000e+12 1.289615e+17 1.000000e+13 4.822341e+13 9.550000e+06 7.000000e+12
1.743515e+14 5.080000e+04 2.160000e+08 1.230000e+04 4.577000e+19 6.165000e+15 4.714000e+18 2.240000e+22 5.773416e+19 6.630000e+13 1.690000e+14 1.810000e+13 1.450000e+16 3.020000e+12 1.279326e+17 1.000000e+13 4.424561e+13 9.550000e+06 7.000000e+12
1.848763e+14 5.080000e+04 2.160000e+08 1.230000e+04 4.577000e+19 6.165000e+15 4.714000e+18 2.240000e+22 5.833259e+19 6.630000e+13 1.690000e+14 1.810000e+13 1.450000e+16 3.020000e+12 1.259093e+17 1.000000e+13 4.624476e+13 9.550000e+06 7.000000e+12
1.745102e+14 5.080000e+04 2.160000e+08 1.230000e+04 4.577000e+19 6.165000e+15 4.714000e+18 2.240000e+22 6.367288e+19 6.630000e+13 1.690000e+14 1.810000e+13 1.450000e+16 3.020000e+12 1.283819e+17 1.000000e+13 5.136331e+13 9.550000e+06 7.000000e+12
1.792374e+14 5.080000e+04 2.160000e+08 1.230000e+04 4.577000e+19 6.165000e+15 4.714000e+18 2.240000e+22 6.144229e+19 6.630000e+13 1.690000e+14 1.810000e+13 1.450000e+16 3.020000e+12 1.178328e+17 1.000000e+13 4.507140e+13 9.550000e+06 7.000000e+12
2.078132e+14 5.080000e+04 2.160000e+08 1.230000e+04 4.577000e+19 6.165000e+15 4.714000e+18 2.240000e+22 5.643634e+19 6.630000e+13 1.690000e+14 1.810000e+13 1.450000e+16 3.020000e+12 1.261768e+17 1.000000e+13 5.209928e+13 9.550000e+06 7.000000e+12
