1.912932e+14 5.080000e+04 2.160000e+08 1.230000e+04 4.577000e+19 6.165000e+15 4.714000e+18 2.240000e+22 6.178865e+19 6.630000e+13 1.690000e+14 1.810000e+13 1.450000e+16 3.020000e+12 1.245839e+17 1.000000e+13 4.471958e+13 9.550000e+06 7.000000e+12
1.810856e+14 5.080000e+04 2.160000e+08 1.230000e+04 4.577000e+19 6.165000e+15 4.714000e+18 2.240000e+22 6.199744e+19 6.630000e+13 1.690000e+14 1.810000e+13 1.450000e+16 3.020000e+12 1.292885e+17 1.000000e+13 4.446264e+13 9.550000e+06 7.000000e+12
1.821347e+14 5.080000e+04 2.160000e+08 1.230000e+04 4.577000e+19 6.165000e+15 4.714000e+18 2.240000e+22 6.698153e+19 6.630000e+13 1.690000e+14 1.810000e+13 1.450000e+16 3.020000e+12 1.273331e+17 1.000000e+13 4.798585e+13 9.550000e+06 7.000000e+12
1.875294e+14 5.080000e+04 2.160000e+08 1.230000e+04 4.577000e+19 6.165000e+15 4.714000e+18 2.240000e+22 6.258074e+19 6.630000e+13 1.690000e+14 1.810000e+13 1.450000e+16 3.020000e+12 1.185653e+17 1.000000e+13 4.858846e+13 9.550000e+06 7.000000e+12
1.868012e+14 5.080000e+04 2.160000e+08 1.230000e+04 4.577000e+19 6.165000e+15 4.714000e+18 2.240000e+22 6.377729e+19 6.630000e+13 1.690000e+14 1.810000e+13 1.450000e+16 3.020000e+12 1.302458e+17 1.000000e+13 5.261580e+13 9.550000e+06 7.000000e+12
2.105188e+14 5.080000e+04 2.160000e+08 1.230000e+04 4.577000e+19 6.165000e+15 4.714000e+18 2.240000e+22 5.617487e+19 6.630000e+13 1.690000e+14 1.810000e+13 1.450000e+16 3.020000e+12 1.269753e+17 1.000000e+13 4.900776e+13 9.550000e+06 7.000000e+12
1.879840e+14 5.080000e+04 2.160000e+08 1.230000e+04 4.577000e+19 6.165000e+15 4.714000e+18 2.240000e+22 5.956589e+19 6.630000e+13 1.690000e+14 1.810000e+13 1.450000e+16 3.020000e+12 1.256270e+17 1.000000e+13 4.845704e+13 9.550000e+06 7.000000e+12
2.019135e+14 5.080000e+04 2.160000e+08 1.230000e+04 4.577000e+19 6.165000e+15 4.714000e+18 2.240000e+22 5.622600e+19 6.630000e+13 1.690000e+14 1.810000e+13 1.450000e+16 3.020000e+12 1.111815e+17 1.000000e+13 5.227061e+13 9.550000e+06 7.000000e+12
2.014786e+14 5.080000e+04 2.160000e+08 1.230000e+04 4.577000e+19 6.165000e+15 4.714000e+18 2.240000e+22 5.774907e+19 6.630000e+13 1.690000e+14 1.810000e+13 1.450000e+16 3.020000e+12 1.302081e+17 1.000000e+13 5.224164e+13 9.550000e+06 7.000000e+12
1.842234e+14 5.080000e+04 2.160000e+08 1.230000e+04 4.577000e+19 6.165000e+15 4.714000e+18 2.240000e+22 6.695602e+19 6.630000e+13 1.690000e+14 1.810000e+13 1.450000e+16 3.020000e+12 1.175006e+17 1.000000e+13 4.580937e+13 9.550000e+06 7.000000e+12
1.856225e+14 5.080000e+04 2.160000e+08 1.230000e+04 4.577000e+19 6.165000e+15 4.714000e+18 2.240000e+22 6.710511e+19 6.630000e+13 1.690000e+14 1.810000e+13 1.450000e+16 3.020000e+12 1.152701e+17 1.000000e+13 4.996058e+13 9.550000e+06 7.000000e+12
1.858226e+14 5.080000e+04 2.160000e+08 1.230000e+04 4.577000e+19 6.165000e+15 4.714000e+18 2.240000e+22 6.434190e+19 6.630000e+13 1.690000e+14 1.810000e+13 1.450000e+16 3.020000e+12 1.230062e+17 1.000000e+13 5.267562e+13 9.550000e+06 7.000000e+12
1.779214e+14 5.080000e+04 2.160000e+08 1.230000e+04 4.577000e+19 6.165000e+15 4.714000e+18 2.240000e+22 6.457137e+19 6.630000e+13 1.690000e+14 1.810000e+13 1.450000e+16 3.020000e+12 1.194270e+17 1.000000e+13 4.556791e+13 9.550000e+06 7.000000e+12
2.096031e+14 5.080000e+04 2.160000e+08 1.230000e+04 4.577000e+19 6.165000e+15 4.714000e+18 2.240000e+22 6.122797e+19 6.630000e+13 1.690000e+14 1.810000e+13 1.450000e+16 3.020000e+12 1.143183e+17 1.000000e+13 5.028241e+13 9.550000e+06 7.000000e+12
2.071715e+14 5.080000e+04 2.160000e+08 1.230000e+04 4.577000e+19 6.165000e+15 4.714000e+18 2.240000e+22 6.702260e+19 6.630000e+13 1.690000e+14 1.810000e+13 1.450000e+16 3.020000e+12 1.283495e+17 1.000000e+13 5.107041e+13 9.550000e+06 7.000000e+12
1.937964e+14 5.080000e+04 2.160000e+08 1.230000e+04 4.577000e+19 6.165000e+15 4.714000e+18 2.240000e+22 6.054523e+19 6.630000e+13 1.690000e+14 1.810000e+13 1.450000e+16 3.020000e+12 1.124740e+17 1.000000e+13 5.241028e+13 9.550000e+06 7.000000e+12
1.843605e+14 5.080000e+04 2.160000e+08 1.230000e+04 4.577000e+19 6.165000e+15 4.714000e+18 2.240000e+22 6.396076e+19 6.630000e+13 1.690000e+14 1.810000e+13 1.450000e+16 3.020000e+12 1.136398e+17 1.000000e+13 5.160988e+13 9.550000e+06 7.000000e+12
2.063681e+14 5.080000e+04 2.160000e+08 1.230000e+04 4.577000e+19 6.165000e+15 4.714000e+18 2.240000e+22 6.354996e+19 6.630000e+13 1.690000e+14 1.810000e+13 1.450000e+16 3.020000e+12 1.240434e+17 1.000000e+13 4.744370e+13 9.550000e+06 7.000000e+12
1.981861e+14 5.080000e+04 2.160000e+08 1.230000e+04 4.577000e+19 6.165000e+15 4.714000e+18 2.240000e+22 6.291876e+19 6.630000e+13 1.690000e+14 1.810000e+13 1.450000e+16 3.020000e+12 1.196980e+17 1.000000e+13 4.343244e+13 9.550000e+06 7.000000e+12
1.873286e+14 5.080000e+04 2.160000e+08 1.230000e+04 4.577000e+19 6.165000e+15 4.714000e+18 2.240000e+22 5.826997e+19 6.630000e+13 1.690000e+14 1.810000e+13 1.450000e+16 3.020000e+12 1.099457e+17 1.000000e+13 4.371610e+13 9.550000e+06 7.000000e+12
