1.507119694864e-01
1.516682400337e-01
1.498508380827e-01
1.318195401863e-01
1.418091413294e-01
1.140717729626e-01
1.400436804124e-01
1.232196929402e-01
1.167161317412e-01
1.364222600084e-01
1.464033444695e-01
1.404244721625e-01
1.578821307410e-01
1.144456808738e-01
1.354372266786e-01
1.309893753034e-01
1.314958397592e-01
1.140126755703e-01
1.534698494536e-01
1.328179395206e-01
1.302589966491e-01
1.322799132845e-01
1.227871449479e-01
1.262972980645e-01
1.319191191310e-01
1.365773779005e-01
1.279265058058e-01
1.391197618754e-01
1.478959775567e-01
9.888474782209e-02
