1.450303628980e-01
1.579244752291e-01
1.522122266117e-01
1.471755830719e-01
1.478718766693e-01
1.272163453104e-01
1.429919036693e-01
1.036603903713e-01
1.329508069289e-01
1.343334425528e-01
1.305723148931e-01
1.385306258687e-01
1.399114856753e-01
1.127291287537e-01
1.373601607373e-01
1.201519951163e-01
1.235530163528e-01
1.251112185444e-01
1.220191388459e-01
1.263034925425e-01
1.300191612005e-01
1.219448003081e-01
1.222559723561e-01
1.296211280425e-01
1.439206708325e-01
1.543716859886e-01
1.272823704614e-01
1.581651413489e-01
1.636913057960e-01
1.013691562469e-01
1.204999005470e-01
1.326107577216e-01
1.221536344191e-01
1.447485719042e-01
1.264002697342e-01
1.477852461892e-01
1.490221501949e-01
1.156418019124e-01
1.145780541704e-01
1.137901186522e-01
