1.304845291537e-01
1.381926783086e-01
1.439253360853e-01
1.344145561680e-01
1.501322288222e-01
1.018276755001e-01
1.261903214250e-01
1.283111486676e-01
1.255088487533e-01
1.119171969956e-01
1.252238824654e-01
1.273300172444e-01
1.467780628280e-01
1.216956063739e-01
1.346344604860e-01
1.461026817661e-01
1.381317804493e-01
1.345395233538e-01
1.442031827230e-01
1.212677723484e-01
1.402327789679e-01
1.544558279125e-01
1.137792838131e-01
1.399265646866e-01
1.510359288673e-01
1.603042601006e-01
1.580607790571e-01
1.342744151494e-01
1.179679982993e-01
1.142851338364e-01
1.024874487933e-01
1.317731826987e-01
1.168809279033e-01
1.205147957234e-01
1.418025574208e-01
1.491780511949e-01
1.337007803897e-01
1.421213982583e-01
1.216946727905e-01
1.418642230453e-01
1.375101862872e-01
1.326319018677e-01
1.243781549390e-01
1.416647669294e-01
1.111486821036e-01
1.375331499271e-01
1.226777201537e-01
1.454239915602e-01
1.400560634839e-01
1.149120161909e-01
