1.165528155470e-01
1.380435144869e-01
1.399606839410e-01
1.405440499951e-01
1.617835294685e-01
1.297730780914e-01
1.473894380843e-01
1.365844226639e-01
1.251587440601e-01
1.273582062863e-01
1.496124439126e-01
1.555787779978e-01
1.349973877039e-01
1.355211362148e-01
1.313170126060e-01
1.487819674933e-01
1.417748670902e-01
1.235890687632e-01
1.142501553394e-01
1.151280635742e-01
1.135089371990e-01
1.318535158194e-01
1.194919036610e-01
1.132096101436e-01
1.409637789877e-01
1.637967537917e-01
1.466093819265e-01
1.463747716712e-01
1.438468461110e-01
1.236850645683e-01
1.163630733737e-01
1.274215052377e-01
1.232270264870e-01
1.527669038215e-01
1.221026470429e-01
1.282036158453e-01
1.366800261275e-01
1.238736888895e-01
1.400502347399e-01
1.288506465788e-01
1.198714243215e-01
1.191464588652e-01
1.199719308350e-01
1.305446120912e-01
1.062912143478e-01
1.368639878703e-01
1.365739436989e-01
1.386425971086e-01
1.105033367630e-01
1.492646191231e-01
1.532775307412e-01
1.390655232254e-01
1.278620786510e-01
1.423366225093e-01
1.352440082220e-01
1.250660239588e-01
1.397190852339e-01
1.290282865049e-01
1.268697729832e-01
1.674083278212e-01
